[ship]
name = supbl
x = 13877.825195
y = 9911.700195
a = 3.534292
crew = 16.000000
crewm = 16.000000
batt = 24.000000
battm = 24.000000
accr = 0.001994
speedmax = 0.499200
turnr = 0.005105
mass = 14.000000
rechamount = 1
rechrate = 250
specrate = 50
specdrain = 0
weaprate = 100
weapdrain = 1
damfac = 0.000000

[props]
kills = 7
bucka = 2
starb = 0
vbucka = 1
vstarb = 8

[upgrades]
num0 = 1
num1 = 1
num2 = 1
num3 = 1
num4 = 0
num5 = 0
num6 = 0
num7 = 0
num8 = 0
num9 = 0
num10 = 0
num11 = 0
num12 = 0
num13 = 0
num14 = 0
num15 = 0
num16 = 0
num17 = 0
num18 = 0
num19 = 0
num20 = 0
num21 = 0
num22 = 0
num23 = 0
num24 = 0
