RU = 1200.000000
Angle = 21.834066
PlanetCode = -1
Moon = -1
Planet = -1
Star = 0
PosY = 542.372864
PosX = 1966.101685
