RU = 1200.000000
PlanetCode = -1
Moon = -1.000000
Planet = -1.000000
Star = -1.000000
PosY = 547.207397
PosX = 706.461060

[Names]
player = Zel
ship = Titanic
Star = -1
PosY = 379.324890
PosX = 256.044312

[Fleet]
N = 1.000000
crew0 = 1.000000
id0 = spael
