RU = 1200.000000
Angle = 30.709066
PlanetCode = -1
Moon = -1
Planet = -1
Star = -1
PosY = 5.500211
PosX = 8.819304
