Angle = -65.873886
PlanetCode = -1
Planet = -1
Star = -1
PosY = 1671.420288
PosX = 2319.644043
