RU = 1200.000000
Angle = 10.288713
PlanetCode = -1
Moon = -1
Planet = -1
Star = -1
PosY = 379.324890
PosX = 256.044312
