RU = 1200.000000
Angle = 15.079642
PlanetCode = -1
Moon = -1
Planet = -1
Star = 0
PosY = 516.297241
PosX = 1940.026123
