surface = default
radius = 1.186036
temperature = 8308.507813
