surface = medium_red
tectonics = 0
weather = 0
greenhouse = 0.000000
albedo = 0.000000
tilt = 0.000000
day = 0.000000
density = 0.000000
radius = 0.000000
atmo = 0.004408

[minerals]
N = 10
mineral000 = 98.334824 192.567488 rare
mineral001 = 140.523920 44.604262 radioactive
mineral002 = 147.637004 128.662626 exotic
mineral003 = 98.317281 17.461100 precious
mineral004 = 166.211167 108.841131 corrosive
mineral005 = 83.737590 119.623300 rare
mineral006 = 319.574897 163.327417 precious
mineral007 = 266.609143 3.923339 exotic
mineral008 = 27.097973 9.888274 base
mineral009 = 21.703106 90.541513 noble
mineral010 = 262.704610 71.927083 exotic
mineral011 = 382.604746 111.346619 common
mineral012 = 29.746200 56.428445 common
mineral013 = 370.291054 95.309334 exotic

[structures]
N = 1
structure000 = 100.000 100.000 default

