surface = flames
tectonics = 0
weather = 0
greenhouse = 0.000000
albedo = 0.000000
tilt = 0.000000
day = 0.800000
density = 0.500000
radius = 1.000000
atmo = 0.000000
