surface = hot
tectonics = 0
weather = 0
greenhouse = 0.000000
albedo = 0.000000
tilt = 0.000000
day = 0.000000
density = 0.000000
radius = 0.000000
atmo = 0.000000
