surface = default
radius = 4.033243
temperature = 5114.515137
